{
  "advancedEditorSelectedIdentifier" : "BehaviorsPluginID",
  "openSceneRelativePaths" : [
    "Immersive.usda",
    "AmericaMap.usda"
  ],
  "recentIdentifiers" : {
    "6C2D1F13-EA25-4EA6-9676-BCB109C146EB" : [

    ],
    "D66134B1-3681-4A8E-AFE5-29F257229F3B" : [

    ]
  },
  "sceneCameraHistory" : {
    "6C2D1F13-EA25-4EA6-9676-BCB109C146EB" : [
      {
        "date" : 750618757.456724,
        "title" : "Untitled",
        "transform" : [
          0.98548615,
          0.0003082353,
          -0.16975512,
          0,
          -0.08794392,
          0.8562683,
          -0.5089896,
          0,
          0.14519905,
          0.51653117,
          0.8438677,
          0,
          -1.0872945,
          1.1368132,
          -0.8925542,
          1
        ]
      },
      {
        "date" : 750618695.899118,
        "title" : "Untitled",
        "transform" : [
          0.98548615,
          0.0003082353,
          -0.16975512,
          0,
          -0.08794392,
          0.8562683,
          -0.5089896,
          0,
          0.14519905,
          0.51653117,
          0.8438677,
          0,
          -0.24677743,
          2.2210839,
          0.6201621,
          1
        ]
      },
      {
        "date" : 750618608.250145,
        "title" : "Untitled",
        "transform" : [
          0.9611059,
          -0.0012544236,
          0.27617735,
          0,
          0.18212946,
          0.7546118,
          -0.63038874,
          0,
          -0.20761591,
          0.6561703,
          0.7254903,
          0,
          -0.8946008,
          1.6700983,
          0.068894036,
          1
        ]
      },
      {
        "date" : 750618605.009133,
        "title" : "Untitled",
        "transform" : [
          0.97066057,
          -0.0015242189,
          0.24044879,
          0,
          0.15229118,
          0.77774733,
          -0.6098495,
          0,
          -0.18607888,
          0.62857515,
          0.7551608,
          0,
          -0.8946008,
          1.6700983,
          0.068894036,
          1
        ]
      },
      {
        "date" : 750618568.638133,
        "title" : "Untitled",
        "transform" : [
          0.9015454,
          0.001155988,
          -0.43268305,
          0,
          -0.3089279,
          0.7018839,
          -0.6418119,
          0,
          0.30295134,
          0.7122904,
          0.6331373,
          0,
          -0.8946008,
          1.6700983,
          0.068894036,
          1
        ]
      },
      {
        "date" : 750618545.942001,
        "title" : "Untitled",
        "transform" : [
          0.7791457,
          7.423168e-05,
          -0.62684304,
          0,
          -0.14679416,
          0.97221476,
          -0.18234526,
          0,
          0.60941255,
          0.23409042,
          0.7575078,
          0,
          -0.6517284,
          1.2884625,
          -0.658103,
          1
        ]
      },
      {
        "date" : 750618543.400268,
        "title" : "Untitled",
        "transform" : [
          0.77964735,
          7.423181e-05,
          -0.6262189,
          0,
          -0.12763664,
          0.9790269,
          -0.15879253,
          0,
          0.6130734,
          0.20373066,
          0.7633052,
          0,
          -0.63157845,
          1.121359,
          -0.62619346,
          1
        ]
      },
      {
        "date" : 750618528.631063,
        "title" : "Untitled",
        "transform" : [
          0.99658346,
          -3.1663244e-06,
          -0.082591176,
          0,
          -0.032189474,
          0.92090803,
          -0.38844842,
          0,
          0.07606012,
          0.38977987,
          0.9177617,
          0,
          -0.59090376,
          1.4175578,
          0.36897916,
          1
        ]
      },
      {
        "date" : 750618475.463056,
        "title" : "Untitled",
        "transform" : [
          0.99680984,
          6.933893e-08,
          -0.07981275,
          0,
          0.00073930103,
          0.9999571,
          0.009234264,
          0,
          0.07980932,
          -0.009263811,
          0.9967671,
          0,
          -0.59090376,
          1.4175578,
          0.36897916,
          1
        ]
      },
      {
        "date" : 750618468.641101,
        "title" : "Untitled",
        "transform" : [
          0.9968099,
          6.9383326e-08,
          -0.07981276,
          0,
          0.0007393012,
          0.999957,
          0.0092342645,
          0,
          0.07980933,
          -0.009263812,
          0.99676704,
          0,
          -0.47260466,
          1.9330148,
          0.58962023,
          1
        ]
      }
    ],
    "AF09ED6F-1707-48FD-8720-65B998362C09" : [
      {
        "date" : 735235693.718553,
        "title" : "Untitled",
        "transform" : [
          1,
          0,
          -0,
          0,
          -0,
          0.8660258,
          -0.49999934,
          0,
          0,
          0.49999934,
          0.8660258,
          0,
          0,
          4.0846267,
          4.9574423,
          1
        ]
      }
    ],
    "D66134B1-3681-4A8E-AFE5-29F257229F3B" : [
      {
        "date" : 735239900.040007,
        "title" : "Untitled",
        "transform" : [
          0.9789059,
          1.9053438e-08,
          -0.20431162,
          0,
          -0.07680817,
          0.92664546,
          -0.36800626,
          0,
          0.18932442,
          0.3759363,
          0.9070987,
          0,
          0.18046927,
          0.8580949,
          1.2617674,
          1
        ]
      },
      {
        "date" : 735239850.617974,
        "title" : "Untitled",
        "transform" : [
          0.9996346,
          -1.5544122e-10,
          -0.02703084,
          0,
          -0.0038835555,
          0.98962545,
          -0.14361879,
          0,
          0.026750408,
          0.14367129,
          0.9892639,
          0,
          0.14175498,
          0.67401624,
          0.9910928,
          1
        ]
      },
      {
        "date" : 735237635.184024,
        "title" : "Untitled",
        "transform" : [
          0.9996346,
          -1.5544122e-10,
          -0.02703084,
          0,
          -0.0038835555,
          0.98962545,
          -0.14361879,
          0,
          0.026750408,
          0.14367129,
          0.9892639,
          0,
          0.0023382753,
          0.68714994,
          0.3844759,
          1
        ]
      },
      {
        "date" : 735237135.177606,
        "title" : "Untitled",
        "transform" : [
          0.9996346,
          -1.5544122e-10,
          -0.02703084,
          0,
          -0.0038835555,
          0.98962545,
          -0.14361879,
          0,
          0.026750408,
          0.14367129,
          0.9892639,
          0,
          -0.030881584,
          0.6906649,
          0.2540427,
          1
        ]
      },
      {
        "date" : 735237119.6427,
        "title" : "Untitled",
        "transform" : [
          0.9996346,
          -1.5544122e-10,
          -0.02703084,
          0,
          -0.0038835555,
          0.98962545,
          -0.14361879,
          0,
          0.026750408,
          0.14367129,
          0.9892639,
          0,
          0.08930531,
          0.67794824,
          0.7259394,
          1
        ]
      },
      {
        "date" : 735237089.13305,
        "title" : "Untitled",
        "transform" : [
          0.9864126,
          0.000363219,
          -0.16428624,
          0,
          -0.081791215,
          0.8683429,
          -0.48917356,
          0,
          0.14247912,
          0.4959642,
          0.8565741,
          0,
          0.08930531,
          0.67794824,
          0.7259394,
          1
        ]
      },
      {
        "date" : 735237077.545853,
        "title" : "Untitled",
        "transform" : [
          0.9859765,
          0.0003632204,
          -0.16688398,
          0,
          -0.055731624,
          0.9433039,
          -0.32721803,
          0,
          0.15730345,
          0.33192998,
          0.93009573,
          0,
          0.091528974,
          0.6224333,
          0.73418474,
          1
        ]
      },
      {
        "date" : 735237059.271782,
        "title" : "Untitled",
        "transform" : [
          0.94164234,
          3.5879277e-09,
          -0.33661494,
          0,
          -0.047413588,
          0.9900304,
          -0.13263416,
          0,
          0.33325902,
          0.14085408,
          0.9322546,
          0,
          0.4071705,
          0.6906586,
          1.7708554,
          1
        ]
      },
      {
        "date" : 735237056.247598,
        "title" : "Untitled",
        "transform" : [
          0.92363256,
          -8.242887e-09,
          -0.3832791,
          0,
          -0.09160134,
          0.97102106,
          -0.22074251,
          0,
          0.3721721,
          0.23899385,
          0.8968667,
          0,
          0.46522048,
          0.86432576,
          1.6792948,
          1
        ]
      },
      {
        "date" : 735237051.701455,
        "title" : "Untitled",
        "transform" : [
          0.92363256,
          -1.32292275e-08,
          -0.38327911,
          0,
          -0.0878751,
          0.9733624,
          -0.21176295,
          0,
          0.3730695,
          0.22927186,
          0.89902925,
          0,
          0.46850005,
          0.8469892,
          1.687198,
          1
        ]
      }
    ]
  },
  "selectedSceneRelativePath" : "AmericaMap.usda"
}