{
  "advancedEditorSelectedIdentifier" : "BehaviorsPluginID",
  "openSceneRelativePaths" : [
    "Immersive.usda",
    "AmericaMap.usda"
  ],
  "recentIdentifiers" : {
    "6C2D1F13-EA25-4EA6-9676-BCB109C146EB" : [

    ],
    "AF09ED6F-1707-48FD-8720-65B998362C09" : [

    ],
    "D66134B1-3681-4A8E-AFE5-29F257229F3B" : [

    ]
  },
  "sceneCameraHistory" : {
    "6C2D1F13-EA25-4EA6-9676-BCB109C146EB" : [
      {
        "date" : 751914676.086503,
        "title" : "Untitled",
        "transform" : [
          0.8032499,
          5.3969176e-09,
          -0.59564215,
          0,
          -0.32294226,
          0.8402657,
          -0.43550193,
          0,
          0.5004977,
          0.54217494,
          0.67494327,
          0,
          -1.0772649,
          1.7130064,
          -0.5766628,
          1
        ]
      },
      {
        "date" : 750628178.062928,
        "title" : "Untitled",
        "transform" : [
          0.8395867,
          5.215833e-09,
          -0.54322577,
          0,
          -0.28778657,
          0.8481392,
          -0.4447907,
          0,
          0.4607311,
          0.5297734,
          0.7120864,
          0,
          -1.2029079,
          1.6738237,
          -0.45930877,
          1
        ]
      },
      {
        "date" : 750628175.878238,
        "title" : "Untitled",
        "transform" : [
          0.9068808,
          -1.9844567e-05,
          -0.42138728,
          0,
          -0.22727694,
          0.842056,
          -0.48916948,
          0,
          0.3548414,
          0.53939,
          0.7636399,
          0,
          -1.2029079,
          1.6738237,
          -0.45930877,
          1
        ]
      },
      {
        "date" : 750628171.23716,
        "title" : "Untitled",
        "transform" : [
          0.9526014,
          -1.2002501e-08,
          -0.3042213,
          0,
          -0.15310961,
          0.8641213,
          -0.47942874,
          0,
          0.2628841,
          0.5032837,
          0.82316315,
          0,
          -1.2029079,
          1.6738237,
          -0.45930877,
          1
        ]
      },
      {
        "date" : 750628156.22945,
        "title" : "Untitled",
        "transform" : [
          0.9526014,
          -1.2002501e-08,
          -0.3042213,
          0,
          -0.15310961,
          0.8641213,
          -0.47942874,
          0,
          0.2628841,
          0.5032837,
          0.82316315,
          0,
          -1.2029079,
          1.6738237,
          -0.45930877,
          1
        ]
      },
      {
        "date" : 750628154.808412,
        "title" : "Untitled",
        "transform" : [
          0.9526014,
          -1.2002501e-08,
          -0.3042213,
          0,
          -0.15310961,
          0.8641213,
          -0.47942874,
          0,
          0.2628841,
          0.5032837,
          0.82316315,
          0,
          -1.2029079,
          1.6738237,
          -0.45930877,
          1
        ]
      },
      {
        "date" : 750628131.372657,
        "title" : "Untitled",
        "transform" : [
          0.94654644,
          0.0014946383,
          -0.3225643,
          0,
          -0.2388686,
          0.6752725,
          -0.6978172,
          0,
          0.21677579,
          0.73756677,
          0.6395337,
          0,
          -1.5935798,
          2.1571832,
          -0.5703049,
          1
        ]
      },
      {
        "date" : 750628129.360985,
        "title" : "Untitled",
        "transform" : [
          0.94654644,
          0.0014946383,
          -0.3225643,
          0,
          -0.2388686,
          0.6752725,
          -0.6978172,
          0,
          0.21677579,
          0.73756677,
          0.6395337,
          0,
          -1.5802231,
          2.1572044,
          -0.5748566,
          1
        ]
      },
      {
        "date" : 750628127.159564,
        "title" : "Untitled",
        "transform" : [
          0.94654644,
          0.0014946383,
          -0.3225643,
          0,
          -0.2388686,
          0.6752725,
          -0.6978172,
          0,
          0.21677579,
          0.73756677,
          0.6395337,
          0,
          -1.2608124,
          2.1577084,
          -0.68370533,
          1
        ]
      },
      {
        "date" : 750628119.030385,
        "title" : "Untitled",
        "transform" : [
          0.94654644,
          0.0014946383,
          -0.3225643,
          0,
          -0.2388686,
          0.6752725,
          -0.6978172,
          0,
          0.21677579,
          0.73756677,
          0.6395337,
          0,
          -1.2400613,
          2.157741,
          -0.690777,
          1
        ]
      }
    ],
    "AF09ED6F-1707-48FD-8720-65B998362C09" : [
      {
        "date" : 751823435.134941,
        "title" : "Untitled",
        "transform" : [
          0.9628601,
          -0.000320761,
          0.27000058,
          0,
          0.08168395,
          0.95348454,
          -0.2901637,
          0,
          -0.2573483,
          0.3014418,
          0.91809845,
          0,
          -1.9045167,
          3.5718741,
          3.9252539,
          1
        ]
      },
      {
        "date" : 751823431.570912,
        "title" : "Untitled",
        "transform" : [
          0.9628601,
          -0.000320761,
          0.27000058,
          0,
          0.08168395,
          0.95348454,
          -0.2901637,
          0,
          -0.2573483,
          0.3014418,
          0.91809845,
          0,
          -0.9488242,
          2.9206843,
          2.0544312,
          1
        ]
      },
      {
        "date" : 750626907.659073,
        "title" : "Untitled",
        "transform" : [
          0.9628601,
          -0.000320761,
          0.27000058,
          0,
          0.08168395,
          0.95348454,
          -0.2901637,
          0,
          -0.2573483,
          0.3014418,
          0.91809845,
          0,
          -0.9103046,
          2.8021128,
          1.971027,
          1
        ]
      },
      {
        "date" : 750626896.95176,
        "title" : "Untitled",
        "transform" : [
          0.9628601,
          -0.000320761,
          0.27000058,
          0,
          0.08168395,
          0.95348454,
          -0.2901637,
          0,
          -0.2573483,
          0.3014418,
          0.91809845,
          0,
          -0.18491255,
          1.7246901,
          -0.36978328,
          1
        ]
      },
      {
        "date" : 750626682.259136,
        "title" : "Untitled",
        "transform" : [
          0.9628601,
          -0.0003207775,
          0.27000058,
          0,
          0.081683934,
          0.9534846,
          -0.29016373,
          0,
          -0.25734833,
          0.30144176,
          0.9180984,
          0,
          0.33491945,
          3.4095402,
          7.028314,
          1
        ]
      },
      {
        "date" : 750626620.422321,
        "title" : "Untitled",
        "transform" : [
          0.9628601,
          -0.0003207775,
          0.27000058,
          0,
          0.081683934,
          0.9534846,
          -0.29016373,
          0,
          -0.25734833,
          0.30144176,
          0.9180984,
          0,
          0.25820208,
          2.6285439,
          5.418394,
          1
        ]
      },
      {
        "date" : 750626092.049297,
        "title" : "Untitled",
        "transform" : [
          0.8541692,
          -0.00032077084,
          0.51999515,
          0,
          0.28701735,
          0.83416015,
          -0.47095406,
          0,
          -0.4336082,
          0.5515221,
          0.71260595,
          0,
          -1.1597066,
          4.449621,
          4.2311063,
          1
        ]
      },
      {
        "date" : 750626085.373541,
        "title" : "Untitled",
        "transform" : [
          0.87406164,
          -0.00032077986,
          0.485815,
          0,
          0.3865859,
          0.6060882,
          -0.69513184,
          0,
          -0.2942238,
          0.7953973,
          0.5298825,
          0,
          -0.37747595,
          6.1086106,
          3.2732482,
          1
        ]
      },
      {
        "date" : 750626067.036571,
        "title" : "Untitled",
        "transform" : [
          0.99191296,
          -9.57344e-10,
          -0.12692004,
          0,
          -0.07363123,
          0.8145177,
          -0.5754471,
          0,
          0.10337863,
          0.5801387,
          0.8079306,
          0,
          1.6804081,
          3.4839706,
          9.119906,
          1
        ]
      },
      {
        "date" : 750626065.035239,
        "title" : "Untitled",
        "transform" : [
          0.99191296,
          -9.57344e-10,
          -0.12692004,
          0,
          -0.07363123,
          0.8145177,
          -0.5754471,
          0,
          0.10337863,
          0.5801387,
          0.8079306,
          0,
          2.123949,
          4.403559,
          11.527091,
          1
        ]
      }
    ],
    "D66134B1-3681-4A8E-AFE5-29F257229F3B" : [
      {
        "date" : 735239900.040007,
        "title" : "Untitled",
        "transform" : [
          0.9789059,
          1.9053438e-08,
          -0.20431162,
          0,
          -0.07680817,
          0.92664546,
          -0.36800626,
          0,
          0.18932442,
          0.3759363,
          0.9070987,
          0,
          0.18046927,
          0.8580949,
          1.2617674,
          1
        ]
      },
      {
        "date" : 735239850.617974,
        "title" : "Untitled",
        "transform" : [
          0.9996346,
          -1.5544122e-10,
          -0.02703084,
          0,
          -0.0038835555,
          0.98962545,
          -0.14361879,
          0,
          0.026750408,
          0.14367129,
          0.9892639,
          0,
          0.14175498,
          0.67401624,
          0.9910928,
          1
        ]
      },
      {
        "date" : 735237635.184024,
        "title" : "Untitled",
        "transform" : [
          0.9996346,
          -1.5544122e-10,
          -0.02703084,
          0,
          -0.0038835555,
          0.98962545,
          -0.14361879,
          0,
          0.026750408,
          0.14367129,
          0.9892639,
          0,
          0.0023382753,
          0.68714994,
          0.3844759,
          1
        ]
      },
      {
        "date" : 735237135.177606,
        "title" : "Untitled",
        "transform" : [
          0.9996346,
          -1.5544122e-10,
          -0.02703084,
          0,
          -0.0038835555,
          0.98962545,
          -0.14361879,
          0,
          0.026750408,
          0.14367129,
          0.9892639,
          0,
          -0.030881584,
          0.6906649,
          0.2540427,
          1
        ]
      },
      {
        "date" : 735237119.6427,
        "title" : "Untitled",
        "transform" : [
          0.9996346,
          -1.5544122e-10,
          -0.02703084,
          0,
          -0.0038835555,
          0.98962545,
          -0.14361879,
          0,
          0.026750408,
          0.14367129,
          0.9892639,
          0,
          0.08930531,
          0.67794824,
          0.7259394,
          1
        ]
      },
      {
        "date" : 735237089.13305,
        "title" : "Untitled",
        "transform" : [
          0.9864126,
          0.000363219,
          -0.16428624,
          0,
          -0.081791215,
          0.8683429,
          -0.48917356,
          0,
          0.14247912,
          0.4959642,
          0.8565741,
          0,
          0.08930531,
          0.67794824,
          0.7259394,
          1
        ]
      },
      {
        "date" : 735237077.545853,
        "title" : "Untitled",
        "transform" : [
          0.9859765,
          0.0003632204,
          -0.16688398,
          0,
          -0.055731624,
          0.9433039,
          -0.32721803,
          0,
          0.15730345,
          0.33192998,
          0.93009573,
          0,
          0.091528974,
          0.6224333,
          0.73418474,
          1
        ]
      },
      {
        "date" : 735237059.271782,
        "title" : "Untitled",
        "transform" : [
          0.94164234,
          3.5879277e-09,
          -0.33661494,
          0,
          -0.047413588,
          0.9900304,
          -0.13263416,
          0,
          0.33325902,
          0.14085408,
          0.9322546,
          0,
          0.4071705,
          0.6906586,
          1.7708554,
          1
        ]
      },
      {
        "date" : 735237056.247598,
        "title" : "Untitled",
        "transform" : [
          0.92363256,
          -8.242887e-09,
          -0.3832791,
          0,
          -0.09160134,
          0.97102106,
          -0.22074251,
          0,
          0.3721721,
          0.23899385,
          0.8968667,
          0,
          0.46522048,
          0.86432576,
          1.6792948,
          1
        ]
      },
      {
        "date" : 735237051.701455,
        "title" : "Untitled",
        "transform" : [
          0.92363256,
          -1.32292275e-08,
          -0.38327911,
          0,
          -0.0878751,
          0.9733624,
          -0.21176295,
          0,
          0.3730695,
          0.22927186,
          0.89902925,
          0,
          0.46850005,
          0.8469892,
          1.687198,
          1
        ]
      }
    ]
  },
  "selectedSceneRelativePath" : "AmericaMap.usda"
}