{
  "advancedEditorSelectedIdentifier" : "ProjectBrowser",
  "openSceneRelativePaths" : [
    "Immersive.usda",
    "AmericaMap.usda"
  ],
  "recentIdentifiers" : {
    "6C2D1F13-EA25-4EA6-9676-BCB109C146EB" : [

    ],
    "D66134B1-3681-4A8E-AFE5-29F257229F3B" : [

    ]
  },
  "sceneCameraHistory" : {
    "6C2D1F13-EA25-4EA6-9676-BCB109C146EB" : [
      {
        "date" : 735240011.561934,
        "title" : "Untitled",
        "transform" : [
          1,
          0,
          -0,
          0,
          -0,
          0.8691276,
          -0.4945879,
          0,
          0,
          0.4945879,
          0.8691276,
          0,
          -0.39860916,
          2.3188658,
          3.1887934,
          1
        ]
      }
    ],
    "AF09ED6F-1707-48FD-8720-65B998362C09" : [
      {
        "date" : 735235693.718553,
        "title" : "Untitled",
        "transform" : [
          1,
          0,
          -0,
          0,
          -0,
          0.8660258,
          -0.49999934,
          0,
          0,
          0.49999934,
          0.8660258,
          0,
          0,
          4.0846267,
          4.9574423,
          1
        ]
      }
    ],
    "D66134B1-3681-4A8E-AFE5-29F257229F3B" : [
      {
        "date" : 735239900.040007,
        "title" : "Untitled",
        "transform" : [
          0.9789059,
          1.9053438e-08,
          -0.20431162,
          0,
          -0.07680817,
          0.92664546,
          -0.36800626,
          0,
          0.18932442,
          0.3759363,
          0.9070987,
          0,
          0.18046927,
          0.8580949,
          1.2617674,
          1
        ]
      },
      {
        "date" : 735239850.617974,
        "title" : "Untitled",
        "transform" : [
          0.9996346,
          -1.5544122e-10,
          -0.02703084,
          0,
          -0.0038835555,
          0.98962545,
          -0.14361879,
          0,
          0.026750408,
          0.14367129,
          0.9892639,
          0,
          0.14175498,
          0.67401624,
          0.9910928,
          1
        ]
      },
      {
        "date" : 735237635.184024,
        "title" : "Untitled",
        "transform" : [
          0.9996346,
          -1.5544122e-10,
          -0.02703084,
          0,
          -0.0038835555,
          0.98962545,
          -0.14361879,
          0,
          0.026750408,
          0.14367129,
          0.9892639,
          0,
          0.0023382753,
          0.68714994,
          0.3844759,
          1
        ]
      },
      {
        "date" : 735237135.177606,
        "title" : "Untitled",
        "transform" : [
          0.9996346,
          -1.5544122e-10,
          -0.02703084,
          0,
          -0.0038835555,
          0.98962545,
          -0.14361879,
          0,
          0.026750408,
          0.14367129,
          0.9892639,
          0,
          -0.030881584,
          0.6906649,
          0.2540427,
          1
        ]
      },
      {
        "date" : 735237119.6427,
        "title" : "Untitled",
        "transform" : [
          0.9996346,
          -1.5544122e-10,
          -0.02703084,
          0,
          -0.0038835555,
          0.98962545,
          -0.14361879,
          0,
          0.026750408,
          0.14367129,
          0.9892639,
          0,
          0.08930531,
          0.67794824,
          0.7259394,
          1
        ]
      },
      {
        "date" : 735237089.13305,
        "title" : "Untitled",
        "transform" : [
          0.9864126,
          0.000363219,
          -0.16428624,
          0,
          -0.081791215,
          0.8683429,
          -0.48917356,
          0,
          0.14247912,
          0.4959642,
          0.8565741,
          0,
          0.08930531,
          0.67794824,
          0.7259394,
          1
        ]
      },
      {
        "date" : 735237077.545853,
        "title" : "Untitled",
        "transform" : [
          0.9859765,
          0.0003632204,
          -0.16688398,
          0,
          -0.055731624,
          0.9433039,
          -0.32721803,
          0,
          0.15730345,
          0.33192998,
          0.93009573,
          0,
          0.091528974,
          0.6224333,
          0.73418474,
          1
        ]
      },
      {
        "date" : 735237059.271782,
        "title" : "Untitled",
        "transform" : [
          0.94164234,
          3.5879277e-09,
          -0.33661494,
          0,
          -0.047413588,
          0.9900304,
          -0.13263416,
          0,
          0.33325902,
          0.14085408,
          0.9322546,
          0,
          0.4071705,
          0.6906586,
          1.7708554,
          1
        ]
      },
      {
        "date" : 735237056.247598,
        "title" : "Untitled",
        "transform" : [
          0.92363256,
          -8.242887e-09,
          -0.3832791,
          0,
          -0.09160134,
          0.97102106,
          -0.22074251,
          0,
          0.3721721,
          0.23899385,
          0.8968667,
          0,
          0.46522048,
          0.86432576,
          1.6792948,
          1
        ]
      },
      {
        "date" : 735237051.701455,
        "title" : "Untitled",
        "transform" : [
          0.92363256,
          -1.32292275e-08,
          -0.38327911,
          0,
          -0.0878751,
          0.9733624,
          -0.21176295,
          0,
          0.3730695,
          0.22927186,
          0.89902925,
          0,
          0.46850005,
          0.8469892,
          1.687198,
          1
        ]
      }
    ]
  },
  "selectedSceneRelativePath" : "AmericaMap.usda"
}